Theta computed from gradient descent: 
 334302.063993 
 100087.116006 
 3673.548451 

>> theta

theta =

   1.0e+05 *

    3.3430
    1.0009
    0.0367

theta =

   1.0e+05 *

    3.3430
    1.0009
    0.0367
